1001
1002
1003
1004
1005
1006
1007
1008
1009
1010
1011
1012
1013
1014
1015
1016
1017
1018
1019
1020
1021
1022
1023
1024
1025
1026
1027
1028
1029
1030
1031
1032
1033
1034
1035
1036
1037
1038
1039
1040
1041
1042
1043
1044
1045
1046
1047
1048
1049
1050
1051
1052
1053
1054
1055
1056
1061
1064
1066
1067
1068
1069
1070
1071
1072
1073
1074
1075
1076
1077
1078
1079
1080
1081
1082
1083
1084
1085
1249
1250
1251
1252
1255
1256
1259
1260
1261
1263
1264
1265
1266
1267
1268
1270
1272
1273
1276
1277
1278
1279
1428
1446
1461
1464
1467
1468
2001
2002
3001
3002
5004
5068
